140961434729812423830852309649904705983604227353929337359030100330193529405614851011468356571416862822969877640716012098064614344779053591148957501056771373455502228887838366460786531193319145737324072434111400038237525722026124834386865031421565397819884817364166887538992966635495930551465898329233084831068698916882714424073573986705637304607198857789555156940220317316752484043642959111909655817077666945940390828450405438389936515879337579789049928238627274412498681477672010760267517384933105187366412664254072208314989387629198931766364099567428039054992566512
56963372657729010969729925566367841812290392475130660889875954356409716790051091165346122790812058857012994415844849712066892012115599035888646604494661868710400032046485634381511047694902353436430028301447255815568791264839468745722515102589243495333193366808902729325309933859454031453812773417306102464964703333018171097079089303555235618333945165979451025368156318902699897880192404996409932887472617427956017926288250052540783072999475778719124596491734175906623870538351706395379028319319299899507145430003529529425116334645691792657210100544459686364588134789
209840839732465879151816346984855731124045914650190103106385038191123971703674033435399715225030579052268971208121770075544181453057300579416189567653135718017570239787545035065349278599357078152342738168257356797860847791064365257925340837763445872619166531461324322389130902481557811398834448771716252411046768326758904556161866471931421584433215304576223285206123917816525465390252763545709328240910131650826571345587501022629034338505664391538178163583606381203355225919425975577118935063464891910049445424873588811361985810901531096193582536478529693378145381818
46031343896479445731126769460593622674881928102891662122195779454287572539174918075800453873149197822947503193372321390494118548482404628629362048420932329654437911691018103384693717343162038710726419303459817866511424583169412960484313154252707155190867197139392487704118076942280497445350754414807607283273581462773828594192718665490102187641508681331330888479838916518137326392883636441200039520749393130592432725176092363820308069614038477041965521127215242611605269858845480241030080453541841458929853337580229132800704900285092791887921510219618672552508061932
85004633854946811622187021559265270279519902298393539708592227446843998920811352801531632648084400555602561723759518336712191160426588495843865478775156392640471200554869828475666677598707887832769460282732113482082955924967426164544660031528811200301042945414103345431916011420493180633332913536247916491703131582749098128465110690124675715564189986701692833390212799962654761067020229207460684903164114339016038226597722955046685659663519218561020350013831116477081582751546867234383177455178296198543250018381364400201772961099666455053232412127820407207171552772
244969050298635502746786220650575279468203913918210242225380645916992948779041109104804932432424258170155359254762779263101168173855322205081517313264898745815492488403655753304173075060947103108030758865158466956454964585138233586118096432467220368667275096843651143030353827516785215964300561390170196157949099816088866506144727948594193572736032014969125572992990405547717634334522019708588050174925824473145568373779271399754952837620107339717494997428729123660988941739515178965752421943717481602808349594586674933884289609694108923390865302371341539608513284644
186594942282829022342538805960504898875841805794097978194615823763013454458934444043259484916614630063104976156122458322516592233797457643349307927113046526487176899491106669754237532395887903373424745892281963795317659123110541321105993174444234356850953571270722120646293096219677495500969098613019227360325274769989473379092145015865512097651646063950338473357973259662135972954366157770225323864313997255267933307666542939821490647703238205035759004569019324436717811483339033757961099616839758218804006663883681810463690387462840856630530488592832679585590176247
174124403760804237663163547985921633929390411535095813724407609110417444600897976186106843895530363035121785004469310649165493270715422826080201302211054358480462422376750657367689771054582135444072923164515033638815612980515011073125316300888532536835783371575818608214046006630214094645878600643516193820518039031958543873106242532291828826195620177179209131017855442625253122125481245322033907213661584639953268774661202602470666212195774292457546001758212077401734209506514318570908972243510514916606191846473054108995691076157429624780815229201038505106388070543
318280907509426439783391157553626938962516949469906989875751085554726332272613878773007530260928847259126649897934603035057845169681696540230780780903247407628404247301241965641060087358040610893817868886229544484701133583124876593704080966485881642065479955852448060777982076857209937506206079148579114405738785886602474924795415201896280690100222443559809868026655092957373059557546070782705701364601833273420194803821754479636792976164672428562629694376372037396327519237528190791962791878456106037692257825707752773999790419709315271205348950719918522154369780108
117350228412739215854951257738295556265345128984545582808838229594362035579013549108978145040008050251340432287201374680747828101479005914537290516309703180959953598295292758951150916540687746860407454531446184342353990438272131867064633777944620246756452234731094034552394799062544498434135229399172032652356609502677446853473088073427843764265913159685156087853370513617118659577355037888265420307337969878268917896367623774144667161315250115959600546348018425090591474242063811087510022919676895566940081573870078780572019048950995357628289313853026436775149899469
352661081788917922694892411422996373860497534891619265343555909301970206020742100827289423505502231821948056996096668109678565697443982085194430950443580495636326651930075433510225690308356540492560739907729917295371223353568372319756756033460407196659301038609360951911314481711944638271514489237081693905159631845889526130336304321002791075753635158574533384973895821378792494345704050629505535411972394107185087297855947023313513959263279227526948076562452969903621005835118876350398642966587929614543112634006811845460752429131988359043843662608113618869413159939
202934564843184505982679423034884000737269923218546454014926634901889479635473133217378259148720883362747708363197537069790949938574943131334314988293458759072701610344946394330050539895138620119264330283406958399584628752450769029430924317568809329152714312095352881669169912399945348725688232659009746613803090539324494578513116080530330987554246740833514942921620237399191704361518732192752914036241938475879731905811069211928096384426785998367523311845948512343267270653081442989727438160669099319976483055961598245184330702080595004557428007322400695111496456953
104238051233428776261754170554454547123027793878056482782375492851706886804801017015317955528741048541146084143592454406337625122685634474373114122927858043816639748410455919358162063974710747950181891404488289447050100391866932737757165582504982121103754048528603132107480131689592569878415989860001137639819857156959758818148624176344258356640584664865472282493707231751705494701689154588328918018547198253388037517599219844962007370215759709117996444825645123183206604576337100613887393382795235741409051348282745366247902144140813186452878786191664899126037475780
297582300200833101458800363350780666096229786192449827164815960682788509871952466646466184693620202015952431116532299679961013721080981768022801724354941752216359507144325291214653736436940455052964807033668226689065375057494457190077768503997798945237307995581624561634234182166853192425483152303321592874799996569121900002777242770801643499401084421365432511297826142466241215600792517432135015931413507871013276222094908621097419812621755740768172200568483738828055926800075908071186938107138525704771326780714702394843145679301823191286102999514918051893012262796
325962822069944447015131614513668832303420915332594201241532999640338754872293946149264946021581423291853326491787512373349582985039358525621960854182984449446167691363602157673334709857961786375751735404150131725532544413838196340691283492239605901909723415317682803494687313548181129825794346110796361502214844326010201385934207056348063183409965150792126916374644599682815188293358442955343453292936468062866991978741860905103597455333942374618142216227107765151974789903102064712600485901220718175438895310295650759316350999542137349363634637618527851295895106565
19116873879500887579125745101928546607853896002317186904989707604275338684650682277810930247465318576198665975859493884072791370445719648298456583039946619399579618557776759497577087554599793332091164101322090695448521935138434648903017080991625702165907914600960860107066520044106931217091291708659590184816316921335825852107361920728964292849164593201792717567743332686481525504637839650238197686977687091575380445241682277131797809325940551898571027855511567984168696621602338750201146402397100288249163180355694578354343675268735278024505115673706022570805664024
302775980845064075527332091953727867058918448225804628655119811325438512210525509828121277650329244946527416903382628750637187915473007971428345121161314960255330174646749860420126885771442248409509958034836877520596788863425307155214656122596523786917300679023397735697504380608838244285571617927830550354358979518703205657282822571293186634791399202577339879005119861626080071096181779059625249947089863333960857989006480265047857427108835172723472531232451247629371170175836048835213561867262471654350437674264954090087379888765435674681232513829232852894829215439
244705898489304493664156191128630435119269867895069132145600697174708942500752157203108533599907614748562097284546377177797756019962626858315343339916740504101905761593627755357910493147402435558000784796552198496234807947746083478408315378725244868231765631911793908824457581834221536894458845142816262890567180773567430028439746825365473691716119615677686707915178782840125464966168602479626625506333976280757929874372810912925242583307591881428700279506510928464082507880711604882109220846441454395989659259706762863940651119656624848041206483429515003432495355483
334506199353546200980049893035736204001098022987271910238826222458058424567885974035058907421634653483862969668396456492580628669723980232773701440157860193895988066944310964981213156439470417621587208965743609708997435516813737209174588042110611289905166269617592077868948267183178452659249821889301240908906941169946926581749400958786559521838467755188286989602249478006308738149467204384714832402348606906402060428801887028733399469934563013647280393545781932100789275757052798056292543782979959622373337124442469087595942638320573547328375429496065415445261440893
332899572544364371405012234700828658398934470353534599486908239499633233561344021849504137138927159062487343282372824122338085785867673086959452081378382618717471898473394251935988455346870569147599189452895270005947383939965026172812005734739244488410571848845629319356815300936434446780200338347661873382847942906705647518732318469183275820707486339849978746084321487725941905726224961669983638752779752568790073476038188587889114914505373248329728782688650906451037891404531393792168400420446570570833492730515862350103111856306260544299555586489887943965920110477
202934564843184505982679423034884000737269923218546454014926634901889479635473133217378259148720883362747708363197537069790949938574943131334314988293458759072701610344946394330050539895138620119264330283406958399584628752450769029430924317568809329152714312095352881669169912399945348725688232659009746613803090539324494578513116080530330987554246740833514942921620237399191704361518732192752914036241938475879731905811069211928096384426785998367523311845948512343267270653081442989727438160669099319976483055961598245184330702080595004557428007322400695111496456953
104238051233428776261754170554454547123027793878056482782375492851706886804801017015317955528741048541146084143592454406337625122685634474373114122927858043816639748410455919358162063974710747950181891404488289447050100391866932737757165582504982121103754048528603132107480131689592569878415989860001137639819857156959758818148624176344258356640584664865472282493707231751705494701689154588328918018547198253388037517599219844962007370215759709117996444825645123183206604576337100613887393382795235741409051348282745366247902144140813186452878786191664899126037475780
297582300200833101458800363350780666096229786192449827164815960682788509871952466646466184693620202015952431116532299679961013721080981768022801724354941752216359507144325291214653736436940455052964807033668226689065375057494457190077768503997798945237307995581624561634234182166853192425483152303321592874799996569121900002777242770801643499401084421365432511297826142466241215600792517432135015931413507871013276222094908621097419812621755740768172200568483738828055926800075908071186938107138525704771326780714702394843145679301823191286102999514918051893012262796
325962822069944447015131614513668832303420915332594201241532999640338754872293946149264946021581423291853326491787512373349582985039358525621960854182984449446167691363602157673334709857961786375751735404150131725532544413838196340691283492239605901909723415317682803494687313548181129825794346110796361502214844326010201385934207056348063183409965150792126916374644599682815188293358442955343453292936468062866991978741860905103597455333942374618142216227107765151974789903102064712600485901220718175438895310295650759316350999542137349363634637618527851295895106565
19116873879500887579125745101928546607853896002317186904989707604275338684650682277810930247465318576198665975859493884072791370445719648298456583039946619399579618557776759497577087554599793332091164101322090695448521935138434648903017080991625702165907914600960860107066520044106931217091291708659590184816316921335825852107361920728964292849164593201792717567743332686481525504637839650238197686977687091575380445241682277131797809325940551898571027855511567984168696621602338750201146402397100288249163180355694578354343675268735278024505115673706022570805664024
358454007926898888456201086475250684950501237703411458385853599589413620848722852876421880647458752434736339256640017996447690636763364581188055462433646862471281372290610011668414188895574857124393923777876052070338551885684589886691402118372487352169956210623534551377272505858293572383400821038861882761397924243851720047315024006076173235165814221129255941847270790687151402395329318431105348235885990138107333006248672152484572952719450725813351931062023548116206762005477635551784028091595703383815750835248346021173189211664385593902928044211200515401228036407
306159212384312619871416615197684238297074333497399997292301506436914579322284829967118243938613039354598365444899786189422355249145870642254547960514986918471096081673082482576022853221677602254670817547553480896742512242974999189169787327696480105210982379763589968238973633252281065872809842707090308345528735864389177039093660185075965996573066946963641784487743375303132589111004962894511456096929518395715848490415223373713572251009125391955086053051482963148272604518058302475606131207446158596440936489129959272553733614167392790563791586345476256664578703911
277250819456506874504598347604381394171473545711979366714982578476967010624284439777385282550809953897295907433512406765354296202750801655387776589726149290898458753300027653582537132274072639185199667474712398571645621381741966046968665275186005052507504581483788524160621267740669010783041079973816080842029178204824755090804551413948674664123466859664264161124413748658533402154150491651584173425203506818051708261228840073854504966320573953504915021751397925191899565830871250927087969806858385965440279424795576272031189414997066007291962956938503649312844773792
332899572544364371405012234700828658398934470353534599486908239499633233561344021849504137138927159062487343282372824122338085785867673086959452081378382618717471898473394251935988455346870569147599189452895270005947383939965026172812005734739244488410571848845629319356815300936434446780200338347661873382847942906705647518732318469183275820707486339849978746084321487725941905726224961669983638752779752568790073476038188587889114914505373248329728782688650906451037891404531393792168400420446570570833492730515862350103111856306260544299555586489887943965920110477
202934564843184505982679423034884000737269923218546454014926634901889479635473133217378259148720883362747708363197537069790949938574943131334314988293458759072701610344946394330050539895138620119264330283406958399584628752450769029430924317568809329152714312095352881669169912399945348725688232659009746613803090539324494578513116080530330987554246740833514942921620237399191704361518732192752914036241938475879731905811069211928096384426785998367523311845948512343267270653081442989727438160669099319976483055961598245184330702080595004557428007322400695111496456953
104238051233428776261754170554454547123027793878056482782375492851706886804801017015317955528741048541146084143592454406337625122685634474373114122927858043816639748410455919358162063974710747950181891404488289447050100391866932737757165582504982121103754048528603132107480131689592569878415989860001137639819857156959758818148624176344258356640584664865472282493707231751705494701689154588328918018547198253388037517599219844962007370215759709117996444825645123183206604576337100613887393382795235741409051348282745366247902144140813186452878786191664899126037475780
297582300200833101458800363350780666096229786192449827164815960682788509871952466646466184693620202015952431116532299679961013721080981768022801724354941752216359507144325291214653736436940455052964807033668226689065375057494457190077768503997798945237307995581624561634234182166853192425483152303321592874799996569121900002777242770801643499401084421365432511297826142466241215600792517432135015931413507871013276222094908621097419812621755740768172200568483738828055926800075908071186938107138525704771326780714702394843145679301823191286102999514918051893012262796
325962822069944447015131614513668832303420915332594201241532999640338754872293946149264946021581423291853326491787512373349582985039358525621960854182984449446167691363602157673334709857961786375751735404150131725532544413838196340691283492239605901909723415317682803494687313548181129825794346110796361502214844326010201385934207056348063183409965150792126916374644599682815188293358442955343453292936468062866991978741860905103597455333942374618142216227107765151974789903102064712600485901220718175438895310295650759316350999542137349363634637618527851295895106565
19116873879500887579125745101928546607853896002317186904989707604275338684650682277810930247465318576198665975859493884072791370445719648298456583039946619399579618557776759497577087554599793332091164101322090695448521935138434648903017080991625702165907914600960860107066520044106931217091291708659590184816316921335825852107361920728964292849164593201792717567743332686481525504637839650238197686977687091575380445241682277131797809325940551898571027855511567984168696621602338750201146402397100288249163180355694578354343675268735278024505115673706022570805664024
385676635600331736607054277022205972252583737871353881573904358607832709637744754176555670652389105846015416059446275301339582120765129642691912907747571035197667639348009959002612654990496909012053165221851114857265445726645168908788488951565449435753500345177521752364787874911016131677326365522324551805875077330613533506605005209723602663116862066523195304193210827181761992674616708582735397895824638978944206188858578595558887151548776468918368436608216784720297853634710071468472347598925277247352902122725306939281310064184868912273673967247501669367541971247
67811408135893223602566632358569040649737304832579193481308491344941282302125237709378008731432847957858937112562234880130843327077921117171355085760500253450928786902950943961323599253664508713076222849802029772240979237095847485801863830400835272524936875047306818754884352637862827386217776456269494359082434045876976325886753607381984498974502298438109431279491969158815909270874675334440740484645117820810180245503577748737235503600342759587940409441987337472934424794764253087867456042103988090707863607392303269982991208876121623001061007411662693887091454099
282126380071968518243863768864549818014373360617694793147715820708795446601160838547420442118952866880016540448899255507520770494504192388265162957035394907944699488238670501174635342378877042481853253081078692130682460442830846424063819217985900257206394823701133821944641123061340440583447918502436439741988057892971248452041389155142065283682092192477697594625283240268137837419040099022681929001904751482972274081944735314432142100489475890297723070344584602979233317614170727811501817019220767125776429623959147259767855210534884688495770995656077603777598098230
332899572544364371405012234700828658398934470353534599486908239499633233561344021849504137138927159062487343282372824122338085785867673086959452081378382618717471898473394251935988455346870569147599189452895270005947383939965026172812005734739244488410571848845629319356815300936434446780200338347661873382847942906705647518732318469183275820707486339849978746084321487725941905726224961669983638752779752568790073476038188587889114914505373248329728782688650906451037891404531393792168400420446570570833492730515862350103111856306260544299555586489887943965920110477
202934564843184505982679423034884000737269923218546454014926634901889479635473133217378259148720883362747708363197537069790949938574943131334314988293458759072701610344946394330050539895138620119264330283406958399584628752450769029430924317568809329152714312095352881669169912399945348725688232659009746613803090539324494578513116080530330987554246740833514942921620237399191704361518732192752914036241938475879731905811069211928096384426785998367523311845948512343267270653081442989727438160669099319976483055961598245184330702080595004557428007322400695111496456953
104238051233428776261754170554454547123027793878056482782375492851706886804801017015317955528741048541146084143592454406337625122685634474373114122927858043816639748410455919358162063974710747950181891404488289447050100391866932737757165582504982121103754048528603132107480131689592569878415989860001137639819857156959758818148624176344258356640584664865472282493707231751705494701689154588328918018547198253388037517599219844962007370215759709117996444825645123183206604576337100613887393382795235741409051348282745366247902144140813186452878786191664899126037475780
297582300200833101458800363350780666096229786192449827164815960682788509871952466646466184693620202015952431116532299679961013721080981768022801724354941752216359507144325291214653736436940455052964807033668226689065375057494457190077768503997798945237307995581624561634234182166853192425483152303321592874799996569121900002777242770801643499401084421365432511297826142466241215600792517432135015931413507871013276222094908621097419812621755740768172200568483738828055926800075908071186938107138525704771326780714702394843145679301823191286102999514918051893012262796
325962822069944447015131614513668832303420915332594201241532999640338754872293946149264946021581423291853326491787512373349582985039358525621960854182984449446167691363602157673334709857961786375751735404150131725532544413838196340691283492239605901909723415317682803494687313548181129825794346110796361502214844326010201385934207056348063183409965150792126916374644599682815188293358442955343453292936468062866991978741860905103597455333942374618142216227107765151974789903102064712600485901220718175438895310295650759316350999542137349363634637618527851295895106565
19116873879500887579125745101928546607853896002317186904989707604275338684650682277810930247465318576198665975859493884072791370445719648298456583039946619399579618557776759497577087554599793332091164101322090695448521935138434648903017080991625702165907914600960860107066520044106931217091291708659590184816316921335825852107361920728964292849164593201792717567743332686481525504637839650238197686977687091575380445241682277131797809325940551898571027855511567984168696621602338750201146402397100288249163180355694578354343675268735278024505115673706022570805664024
351122215423998473529705798041292070040155762819835686274893020701495652374106154519925705272275371195015100612333309346889163152042076681275856090725681343145218796735752226310744983808514450355652902111699167293358892720934932107626187151568179725564864919990890338377975053415414138762621503264797257702919160869409270052286647271332676522435079047160994622748153590274277649477694855820919011828183290607603045362045054841582812120720525418782322307151577091909767090324193970574017583385493448534503788886268860159072796977167066950177893290183192382065230267325
9939649873639348488052682627254092830215043836696525661048697513834281894171875946937694498230920997273889102945784404019123232528429727983750960677621460061325298352127935824279288298724195095065494157711317207063212612022645338162852133083343400370754693592396477906535980639264914565269124817895315355539915226312763839063204557856448650960326521919685462096380681736628102400969902284701197830520357318170736926669688837688406594482693059324638324505697074239522629894305170188538304575233147476566675909483518498354198083561364682961048441531305732270649397391
349134191101782160265447811433065532593115886417418823958410421747559075589039523506135951963005742958371678527188274200633845390559514648598061540378555580224752531703518359253611551428015520627700684376572553910055744944542075118400603639656131958029871121754823835757482124295907962084729524719526079795542215336380361913675122189098668592323314426138148202136588353319109071539862753465170396170581132723227583904301603444851640775921522989618973729287376257348612031065005056032696177422168435838263085503661246959538746857082253057720869711085907500358371655483
332899572544364371405012234700828658398934470353534599486908239499633233561344021849504137138927159062487343282372824122338085785867673086959452081378382618717471898473394251935988455346870569147599189452895270005947383939965026172812005734739244488410571848845629319356815300936434446780200338347661873382847942906705647518732318469183275820707486339849978746084321487725941905726224961669983638752779752568790073476038188587889114914505373248329728782688650906451037891404531393792168400420446570570833492730515862350103111856306260544299555586489887943965920110477
202934564843184505982679423034884000737269923218546454014926634901889479635473133217378259148720883362747708363197537069790949938574943131334314988293458759072701610344946394330050539895138620119264330283406958399584628752450769029430924317568809329152714312095352881669169912399945348725688232659009746613803090539324494578513116080530330987554246740833514942921620237399191704361518732192752914036241938475879731905811069211928096384426785998367523311845948512343267270653081442989727438160669099319976483055961598245184330702080595004557428007322400695111496456953
104238051233428776261754170554454547123027793878056482782375492851706886804801017015317955528741048541146084143592454406337625122685634474373114122927858043816639748410455919358162063974710747950181891404488289447050100391866932737757165582504982121103754048528603132107480131689592569878415989860001137639819857156959758818148624176344258356640584664865472282493707231751705494701689154588328918018547198253388037517599219844962007370215759709117996444825645123183206604576337100613887393382795235741409051348282745366247902144140813186452878786191664899126037475780
297582300200833101458800363350780666096229786192449827164815960682788509871952466646466184693620202015952431116532299679961013721080981768022801724354941752216359507144325291214653736436940455052964807033668226689065375057494457190077768503997798945237307995581624561634234182166853192425483152303321592874799996569121900002777242770801643499401084421365432511297826142466241215600792517432135015931413507871013276222094908621097419812621755740768172200568483738828055926800075908071186938107138525704771326780714702394843145679301823191286102999514918051893012262796
325962822069944447015131614513668832303420915332594201241532999640338754872293946149264946021581423291853326491787512373349582985039358525621960854182984449446167691363602157673334709857961786375751735404150131725532544413838196340691283492239605901909723415317682803494687313548181129825794346110796361502214844326010201385934207056348063183409965150792126916374644599682815188293358442955343453292936468062866991978741860905103597455333942374618142216227107765151974789903102064712600485901220718175438895310295650759316350999542137349363634637618527851295895106565
19116873879500887579125745101928546607853896002317186904989707604275338684650682277810930247465318576198665975859493884072791370445719648298456583039946619399579618557776759497577087554599793332091164101322090695448521935138434648903017080991625702165907914600960860107066520044106931217091291708659590184816316921335825852107361920728964292849164593201792717567743332686481525504637839650238197686977687091575380445241682277131797809325940551898571027855511567984168696621602338750201146402397100288249163180355694578354343675268735278024505115673706022570805664024
33079945816815913042020640403975093267821304896628516230591563240152236996053136718909362104374780025063223726564997320187958298017695443859561556674307334928424030243881106633610989576542427499913104337923895859163233003564009277225139611065917149651033726352776529071635911516749842384446629799648801536354482817513084814647634429623349677896070887276109984692391261462731692392086176900478591645985435731162647451902319658095858263281232253811788133139492268953291966036593512400158971022201711370600387564551469241346595874166133548151943597996897991510873604539
89721952390453004565264934789243183330592090843524834669183242483603224025694125025246349185372382686181024428462270019298914227948846806315622788589685626552294343428700427071010676321535405725434833397753737641092186752596529177092554429698607901729415275938053223925697732475479190441105948499327547917966367973009917844446971784071052621124775269618474775096988239764300811291341485287961544495967883372071760205681473783554657348561496523113250539004898770754230501060310662010350646555971667782868493906368222969960438813834143075556161152706975112631244510738
17271491069171306219457705646363865219282028313427168768303853536476742663088325815205167643736299773178838590751318469641371225338726208804960949370124159672392587154607726721845191191324802987813790483810411565454470451018997580834136192284282508666044914288280577850324120572957889373801585637963624801061198100810315968560494233810006273541490387192136192525151951714678933981829232960877663455441098876720961473862479088611135881629744713841332415427685138601003422042583013598384968115012091857288037969305345501250141397568957337318381936375231041281964137905
332899572544364371405012234700828658398934470353534599486908239499633233561344021849504137138927159062487343282372824122338085785867673086959452081378382618717471898473394251935988455346870569147599189452895270005947383939965026172812005734739244488410571848845629319356815300936434446780200338347661873382847942906705647518732318469183275820707486339849978746084321487725941905726224961669983638752779752568790073476038188587889114914505373248329728782688650906451037891404531393792168400420446570570833492730515862350103111856306260544299555586489887943965920110477
202934564843184505982679423034884000737269923218546454014926634901889479635473133217378259148720883362747708363197537069790949938574943131334314988293458759072701610344946394330050539895138620119264330283406958399584628752450769029430924317568809329152714312095352881669169912399945348725688232659009746613803090539324494578513116080530330987554246740833514942921620237399191704361518732192752914036241938475879731905811069211928096384426785998367523311845948512343267270653081442989727438160669099319976483055961598245184330702080595004557428007322400695111496456953
104238051233428776261754170554454547123027793878056482782375492851706886804801017015317955528741048541146084143592454406337625122685634474373114122927858043816639748410455919358162063974710747950181891404488289447050100391866932737757165582504982121103754048528603132107480131689592569878415989860001137639819857156959758818148624176344258356640584664865472282493707231751705494701689154588328918018547198253388037517599219844962007370215759709117996444825645123183206604576337100613887393382795235741409051348282745366247902144140813186452878786191664899126037475780
297582300200833101458800363350780666096229786192449827164815960682788509871952466646466184693620202015952431116532299679961013721080981768022801724354941752216359507144325291214653736436940455052964807033668226689065375057494457190077768503997798945237307995581624561634234182166853192425483152303321592874799996569121900002777242770801643499401084421365432511297826142466241215600792517432135015931413507871013276222094908621097419812621755740768172200568483738828055926800075908071186938107138525704771326780714702394843145679301823191286102999514918051893012262796
325962822069944447015131614513668832303420915332594201241532999640338754872293946149264946021581423291853326491787512373349582985039358525621960854182984449446167691363602157673334709857961786375751735404150131725532544413838196340691283492239605901909723415317682803494687313548181129825794346110796361502214844326010201385934207056348063183409965150792126916374644599682815188293358442955343453292936468062866991978741860905103597455333942374618142216227107765151974789903102064712600485901220718175438895310295650759316350999542137349363634637618527851295895106565
19116873879500887579125745101928546607853896002317186904989707604275338684650682277810930247465318576198665975859493884072791370445719648298456583039946619399579618557776759497577087554599793332091164101322090695448521935138434648903017080991625702165907914600960860107066520044106931217091291708659590184816316921335825852107361920728964292849164593201792717567743332686481525504637839650238197686977687091575380445241682277131797809325940551898571027855511567984168696621602338750201146402397100288249163180355694578354343675268735278024505115673706022570805664024
383488856437722375463135402984869248685283408332784457563654850773799911072228458492802889500576426826360868768995933829143951442068748450188096347313164028386505641028519135458114828875014801623703903797135246384635176793438396500340062293155655158581634396605164560360417005568803479381842061853398327717095587795764255311054459076942964186440965473170639500445873587758540520491891101631902316098087932906267222208586102020470482429268399553636698171273130631435803957728302231989778235812214632566483491671869738609889523779853798744974335594354701846774422004740
295333554451590402867222909852998097805669145419543782804456589808553226106504758991096193316471013527696857816496921840648400316990728199644303107283919367973348020947750259729822583919731801596605015963537135011288219292452996301756645013286683318414557146974641099851151826443829224549970768029018352076621026624288562466765520606030850063817906737169787993246450353788992008008316130831180103923388886334361919021378745018425760889146999195493598013105612656849733136831103453253562292808257027665806256283663790284393535107170687039226479398142618891295683212846
345678819512627346096112067821350454609734394014050546423143012062346356036481093979290031738467280621162928120873142957326981957304010429206983822244623526925339712039493378336349803777744569361136735998785903923685625671439613256781590270996067411915622515254937481678861528210489005890189903902873715270453188855574111946587762388197551294486960479182747516526066867352405401944942392831943352224221535696372944947611415605956474723267872794332937100438282296238826332623057785864993623028376673686796668607706640313983742101054979285458351770921146302908466156016
332899572544364371405012234700828658398934470353534599486908239499633233561344021849504137138927159062487343282372824122338085785867673086959452081378382618717471898473394251935988455346870569147599189452895270005947383939965026172812005734739244488410571848845629319356815300936434446780200338347661873382847942906705647518732318469183275820707486339849978746084321487725941905726224961669983638752779752568790073476038188587889114914505373248329728782688650906451037891404531393792168400420446570570833492730515862350103111856306260544299555586489887943965920110477
202934564843184505982679423034884000737269923218546454014926634901889479635473133217378259148720883362747708363197537069790949938574943131334314988293458759072701610344946394330050539895138620119264330283406958399584628752450769029430924317568809329152714312095352881669169912399945348725688232659009746613803090539324494578513116080530330987554246740833514942921620237399191704361518732192752914036241938475879731905811069211928096384426785998367523311845948512343267270653081442989727438160669099319976483055961598245184330702080595004557428007322400695111496456953
235234035894995192532514376086301093651933640207095221255537339521169648559919523912045587545188667968019635827360194890200041497077993602252271123245401795502926244269091131870911439900196451687059943536575935855245891942007581297688332168216752741381352553934980783110662521254812679197773174284851543771558891955235903331461414231220541835334617147921018487864955061735734801816900183679108136197078531021070564057978286821490084402357526908758636595140318261085364783592163800493404911571762906963138871131950066314083034610680311833472850690185682736191148796560
297582300200833101458800363350780666096229786192449827164815960682788509871952466646466184693620202015952431116532299679961013721080981768022801724354941752216359507144325291214653736436940455052964807033668226689065375057494457190077768503997798945237307995581624561634234182166853192425483152303321592874799996569121900002777242770801643499401084421365432511297826142466241215600792517432135015931413507871013276222094908621097419812621755740768172200568483738828055926800075908071186938107138525704771326780714702394843145679301823191286102999514918051893012262796
59669687299992703193796296217926014848299157368916511806372776030679890320021336706477842166467360398814171821043943491832887894363149878589358119341560400731197512509348778515779365165718429858625792214311170309938718175718290228969147153555322182920532999627869985213865404152360346468025426901217961530353996906756705820662349864711294268592266689015761832671513989173529575846898386479874237172047812580818440821259268150759240986137515315759192398025042781212686511796964586062955886130979194875133992264137293292420015252132448105355275530255399500591047819408
59669687299992703193796296217926014848299157368916511806372776030679890320021336706477842166467360398814171821043943491832887894363149878589358119341560400731197512509348778515779365165718429858625792214311170309938718175718290228969147153555322182920532999627869985213865404152360346468025426901217961530353996906756705820662349864711294268592266689015761832671513989173529575846898386479874237172047812580818440821259268150759240986137515315759192398025042781212686511796964586062955886130979194875133992264137293292420015252132448105355275530255399500591047819408
429814873045161556873258998100519388267318098634119458953138638787525147468822834375830352003840351262836756819603229733820623089412742277533639897775022319118350373009190880156696497295985363920521677505158555281156127073597908809646992797487553233713833843619655965381585146136828729597142171696425321823865780352911281883772433922576272007395746165984876563304936437240130011962649507323499836547414675402409392959919021157475088455251535568830474959048697234415068954995307332446498621398867705932475388565363849066829496085457172382295825612393270808668736342020
394972480929980198951053931114574020251964437851743154091790994577160496454235674809557237827883751284075334262289545298468747964435041803950436774938987133538253049864566529330882710135260634306878403550485595218025677237704620130094933384070791873051310413430595213595997333448737959723270325415743788802330794197911922152359092585684589952108121272486731098645453126719131653906194461943213937709108700137935364871756868763220449181274123437896837889611274956171369830257650908975105340813476397613496167465858585716561703396705550793464925995062803309832044008592
95388206352785576696760724776187328923979445326118830194727724728651287686103575437492200146654269733555799435368318891535656766379573620284659320242496532954953449318531922282196934024350580442809763834456827919456782818267837977310432782419734025891705852526663636337425151391318822142593130325259227507171947190767308510645580255894355732265134170691656801611645677067719843452754725486204174773018791131978825999790375578803754906701440845559771508629241667275528385480150652714820346219023901080260562265641448633429500430119599554992590790834544106639688279846
332899572544364371405012234700828658398934470353534599486908239499633233561344021849504137138927159062487343282372824122338085785867673086959452081378382618717471898473394251935988455346870569147599189452895270005947383939965026172812005734739244488410571848845629319356815300936434446780200338347661873382847942906705647518732318469183275820707486339849978746084321487725941905726224961669983638752779752568790073476038188587889114914505373248329728782688650906451037891404531393792168400420446570570833492730515862350103111856306260544299555586489887943965920110477
202934564843184505982679423034884000737269923218546454014926634901889479635473133217378259148720883362747708363197537069790949938574943131334314988293458759072701610344946394330050539895138620119264330283406958399584628752450769029430924317568809329152714312095352881669169912399945348725688232659009746613803090539324494578513116080530330987554246740833514942921620237399191704361518732192752914036241938475879731905811069211928096384426785998367523311845948512343267270653081442989727438160669099319976483055961598245184330702080595004557428007322400695111496456953
235234035894995192532514376086301093651933640207095221255537339521169648559919523912045587545188667968019635827360194890200041497077993602252271123245401795502926244269091131870911439900196451687059943536575935855245891942007581297688332168216752741381352553934980783110662521254812679197773174284851543771558891955235903331461414231220541835334617147921018487864955061735734801816900183679108136197078531021070564057978286821490084402357526908758636595140318261085364783592163800493404911571762906963138871131950066314083034610680311833472850690185682736191148796560
297582300200833101458800363350780666096229786192449827164815960682788509871952466646466184693620202015952431116532299679961013721080981768022801724354941752216359507144325291214653736436940455052964807033668226689065375057494457190077768503997798945237307995581624561634234182166853192425483152303321592874799996569121900002777242770801643499401084421365432511297826142466241215600792517432135015931413507871013276222094908621097419812621755740768172200568483738828055926800075908071186938107138525704771326780714702394843145679301823191286102999514918051893012262796
59669687299992703193796296217926014848299157368916511806372776030679890320021336706477842166467360398814171821043943491832887894363149878589358119341560400731197512509348778515779365165718429858625792214311170309938718175718290228969147153555322182920532999627869985213865404152360346468025426901217961530353996906756705820662349864711294268592266689015761832671513989173529575846898386479874237172047812580818440821259268150759240986137515315759192398025042781212686511796964586062955886130979194875133992264137293292420015252132448105355275530255399500591047819408
59669687299992703193796296217926014848299157368916511806372776030679890320021336706477842166467360398814171821043943491832887894363149878589358119341560400731197512509348778515779365165718429858625792214311170309938718175718290228969147153555322182920532999627869985213865404152360346468025426901217961530353996906756705820662349864711294268592266689015761832671513989173529575846898386479874237172047812580818440821259268150759240986137515315759192398025042781212686511796964586062955886130979194875133992264137293292420015252132448105355275530255399500591047819408
363448047539490588526818353363048733761915996720400115085811472467244767137411250061836305320634521186433249738564087586754132427493852036379950621990116893356336005031223404322672402996389611228426222729721775809503638670363771282642174660907927659829074325294502835911601226502006243952081362795933564744879918845690112854783354856456666082610348885911853260981845981195333723538219515927232027849774637510400719356493343278536684583138284122551479784241193374755242265179625367264484128891534601689408905558908534228084025442241565149006333713951753314947170071504
73183623077233111524243329366880814828531421162023170492282277214794934524419512413742316816484904484235058701690526177655411252636715094472225394218067954473853360056409230642669810950535648660973594453329195205651236072212121921565105976411943994016615693402795321817507030075630799947742944021633809976789704442523436783238028247045299036834261900169636156677845080187682741840106607271679867337546817267748396349996542433972664453734903687399159363597508539174821480900138740576437368978845134867002974321612700716817262678390617664329349463636301420664271067073
223767301803642451606435902085857676485722135405020499029667659503550299793631283003929041335722138726605059290536411885460814878961491672582541826435392371214622594743684658583809100963865071098275866179349034601851613714448679407437843237413024191005109646781376251441319279989769216368901048882907715361124962407888203444234093031036956212835663675084534847597391589656682312219283519506935391381691664403595027436198386236016263279665964905475497745283245480349296471473383800293666755288918868084836803002253965952381827760560398910875222468808526829920550293838
332899572544364371405012234700828658398934470353534599486908239499633233561344021849504137138927159062487343282372824122338085785867673086959452081378382618717471898473394251935988455346870569147599189452895270005947383939965026172812005734739244488410571848845629319356815300936434446780200338347661873382847942906705647518732318469183275820707486339849978746084321487725941905726224961669983638752779752568790073476038188587889114914505373248329728782688650906451037891404531393792168400420446570570833492730515862350103111856306260544299555586489887943965920110477
202934564843184505982679423034884000737269923218546454014926634901889479635473133217378259148720883362747708363197537069790949938574943131334314988293458759072701610344946394330050539895138620119264330283406958399584628752450769029430924317568809329152714312095352881669169912399945348725688232659009746613803090539324494578513116080530330987554246740833514942921620237399191704361518732192752914036241938475879731905811069211928096384426785998367523311845948512343267270653081442989727438160669099319976483055961598245184330702080595004557428007322400695111496456953
235234035894995192532514376086301093651933640207095221255537339521169648559919523912045587545188667968019635827360194890200041497077993602252271123245401795502926244269091131870911439900196451687059943536575935855245891942007581297688332168216752741381352553934980783110662521254812679197773174284851543771558891955235903331461414231220541835334617147921018487864955061735734801816900183679108136197078531021070564057978286821490084402357526908758636595140318261085364783592163800493404911571762906963138871131950066314083034610680311833472850690185682736191148796560
297582300200833101458800363350780666096229786192449827164815960682788509871952466646466184693620202015952431116532299679961013721080981768022801724354941752216359507144325291214653736436940455052964807033668226689065375057494457190077768503997798945237307995581624561634234182166853192425483152303321592874799996569121900002777242770801643499401084421365432511297826142466241215600792517432135015931413507871013276222094908621097419812621755740768172200568483738828055926800075908071186938107138525704771326780714702394843145679301823191286102999514918051893012262796
59669687299992703193796296217926014848299157368916511806372776030679890320021336706477842166467360398814171821043943491832887894363149878589358119341560400731197512509348778515779365165718429858625792214311170309938718175718290228969147153555322182920532999627869985213865404152360346468025426901217961530353996906756705820662349864711294268592266689015761832671513989173529575846898386479874237172047812580818440821259268150759240986137515315759192398025042781212686511796964586062955886130979194875133992264137293292420015252132448105355275530255399500591047819408
59669687299992703193796296217926014848299157368916511806372776030679890320021336706477842166467360398814171821043943491832887894363149878589358119341560400731197512509348778515779365165718429858625792214311170309938718175718290228969147153555322182920532999627869985213865404152360346468025426901217961530353996906756705820662349864711294268592266689015761832671513989173529575846898386479874237172047812580818440821259268150759240986137515315759192398025042781212686511796964586062955886130979194875133992264137293292420015252132448105355275530255399500591047819408
78601296642411253566593219683905387132376280300083247507384733082660424612391594858143584677982308929901247681308273932909478529622893636506721489925173432617522863314187216977953617665335748081522625098721491697982402384170879457254199748717938270988126384387006463878570497496074515498019778925434083223584312702908508793243199679471156501124543809632408808129179327609532665400825958949185049209653729411700881002168427078898247656935722983314885510095508084071629094766935099992897489491233404145951508014834705644265807329550371208751048697902680146597053591684
387819149651467148428269229505027175410837205917921073815031965345071425769025909102413134395200427446870140201796370338128905089246972490965639076587218939839273099587161160402615543255518253061278449141592494215790035470761884206333265856689860177764912540060998472834779861864001625525640651807490436145705076825305472147359343888834017420785631017261875093492694155640101102189775758484497552847663671480757548323316671020454290363947247769525417503336487948072610460656420588327454760171853556265150051506933723141830049193955859253561356442539243811766673538157
348913302735807485325474738011614138419645992701782683911378737980124498136529913622072494399660117618463741699650603831091962018089178980917532166141635724116371586169632789952238796469580612771141434941453106536599700792550210390297728678243079230919149456589119546174449918915617419439589262267328853269930022969961759894191718430335854603041905333081894652147136620892345217130209594658300766861851041066945991444720576228979198070370851963079450213315991020613346983098192027514146714184488072354380290915830692665441285448138948038616236712535904163543592273431
332899572544364371405012234700828658398934470353534599486908239499633233561344021849504137138927159062487343282372824122338085785867673086959452081378382618717471898473394251935988455346870569147599189452895270005947383939965026172812005734739244488410571848845629319356815300936434446780200338347661873382847942906705647518732318469183275820707486339849978746084321487725941905726224961669983638752779752568790073476038188587889114914505373248329728782688650906451037891404531393792168400420446570570833492730515862350103111856306260544299555586489887943965920110477
202934564843184505982679423034884000737269923218546454014926634901889479635473133217378259148720883362747708363197537069790949938574943131334314988293458759072701610344946394330050539895138620119264330283406958399584628752450769029430924317568809329152714312095352881669169912399945348725688232659009746613803090539324494578513116080530330987554246740833514942921620237399191704361518732192752914036241938475879731905811069211928096384426785998367523311845948512343267270653081442989727438160669099319976483055961598245184330702080595004557428007322400695111496456953
187523916011801406751215356823342103472529618089994873669933652456735803531598242288678075157035794587306594997815458075108816828426649378196974183611891981881505219657085440028856932095106925229164635891365442030230378149097517745255356240024369284553780072540351968625677340594208728034641172639640013295307104783905189790730813650566051226139904713416763195984274937870850359883856649035847998206909895167812489372314109402587934696538752170428720046574223290255907402451564447418206581196530710136861923260066261724602528605056337550428134012160919145185409405719
297582300200833101458800363350780666096229786192449827164815960682788509871952466646466184693620202015952431116532299679961013721080981768022801724354941752216359507144325291214653736436940455052964807033668226689065375057494457190077768503997798945237307995581624561634234182166853192425483152303321592874799996569121900002777242770801643499401084421365432511297826142466241215600792517432135015931413507871013276222094908621097419812621755740768172200568483738828055926800075908071186938107138525704771326780714702394843145679301823191286102999514918051893012262796
59669687299992703193796296217926014848299157368916511806372776030679890320021336706477842166467360398814171821043943491832887894363149878589358119341560400731197512509348778515779365165718429858625792214311170309938718175718290228969147153555322182920532999627869985213865404152360346468025426901217961530353996906756705820662349864711294268592266689015761832671513989173529575846898386479874237172047812580818440821259268150759240986137515315759192398025042781212686511796964586062955886130979194875133992264137293292420015252132448105355275530255399500591047819408
59669687299992703193796296217926014848299157368916511806372776030679890320021336706477842166467360398814171821043943491832887894363149878589358119341560400731197512509348778515779365165718429858625792214311170309938718175718290228969147153555322182920532999627869985213865404152360346468025426901217961530353996906756705820662349864711294268592266689015761832671513989173529575846898386479874237172047812580818440821259268150759240986137515315759192398025042781212686511796964586062955886130979194875133992264137293292420015252132448105355275530255399500591047819408
33079945816815913042020640403975093267821304896628516230591563240152236996053136718909362104374780025063223726564997320187958298017695443859561556674307334928424030243881106633610989576542427499913104337923895859163233003564009277225139611065917149651033726352776529071635911516749842384446629799648801536354482817513084814647634429623349677896070887276109984692391261462731692392086176900478591645985435731162647451902319658095858263281232253811788133139492268953291966036593512400158971022201711370600387564551469241346595874166133548151943597996897991510873604539
89721952390453004565264934789243183330592090843524834669183242483603224025694125025246349185372382686181024428462270019298914227948846806315622788589685626552294343428700427071010676321535405725434833397753737641092186752596529177092554429698607901729415275938053223925697732475479190441105948499327547917966367973009917844446971784071052621124775269618474775096988239764300811291341485287961544495967883372071760205681473783554657348561496523113250539004898770754230501060310662010350646555971667782868493906368222969960438813834143075556161152706975112631244510738
166431551272181444232410711922200979478811532158098646855502113856757034688471938054101203937177144715971399143569042245473034661252201757279411000433439958483527991578479057687049624779060342160062546595919881606078787307528083344262104974205490804041601070607595047559509077541381347560845134195828441506582477282051955841317348020165418793146719333194803621585722980936539965846328047698005450300084506670840086344535880038078022791662092491856271450791396197415630802911256801673258938168661331465448436445665307405161099012251889250019282926753811538475795909692
332899572544364371405012234700828658398934470353534599486908239499633233561344021849504137138927159062487343282372824122338085785867673086959452081378382618717471898473394251935988455346870569147599189452895270005947383939965026172812005734739244488410571848845629319356815300936434446780200338347661873382847942906705647518732318469183275820707486339849978746084321487725941905726224961669983638752779752568790073476038188587889114914505373248329728782688650906451037891404531393792168400420446570570833492730515862350103111856306260544299555586489887943965920110477
202934564843184505982679423034884000737269923218546454014926634901889479635473133217378259148720883362747708363197537069790949938574943131334314988293458759072701610344946394330050539895138620119264330283406958399584628752450769029430924317568809329152714312095352881669169912399945348725688232659009746613803090539324494578513116080530330987554246740833514942921620237399191704361518732192752914036241938475879731905811069211928096384426785998367523311845948512343267270653081442989727438160669099319976483055961598245184330702080595004557428007322400695111496456953
315859413492820679668966778761560664902356896316797088149457002628132261633736333453638661896974073580876934987130002032284058703717882504774377389773037851679832455686596648727622669337747186317623297771348551004663552664381682178187918351466778456691459012421050813563060343665607260873040558450480801814195074881068942549777819560630539349211734487609315778036493240165739677087070647620334469860311237667320712138973536574386691292517546880082785009763737510348125674274365306005921308148415650762091446768174286609219192126662988695687741440867493426561338096662
297582300200833101458800363350780666096229786192449827164815960682788509871952466646466184693620202015952431116532299679961013721080981768022801724354941752216359507144325291214653736436940455052964807033668226689065375057494457190077768503997798945237307995581624561634234182166853192425483152303321592874799996569121900002777242770801643499401084421365432511297826142466241215600792517432135015931413507871013276222094908621097419812621755740768172200568483738828055926800075908071186938107138525704771326780714702394843145679301823191286102999514918051893012262796
59669687299992703193796296217926014848299157368916511806372776030679890320021336706477842166467360398814171821043943491832887894363149878589358119341560400731197512509348778515779365165718429858625792214311170309938718175718290228969147153555322182920532999627869985213865404152360346468025426901217961530353996906756705820662349864711294268592266689015761832671513989173529575846898386479874237172047812580818440821259268150759240986137515315759192398025042781212686511796964586062955886130979194875133992264137293292420015252132448105355275530255399500591047819408
59669687299992703193796296217926014848299157368916511806372776030679890320021336706477842166467360398814171821043943491832887894363149878589358119341560400731197512509348778515779365165718429858625792214311170309938718175718290228969147153555322182920532999627869985213865404152360346468025426901217961530353996906756705820662349864711294268592266689015761832671513989173529575846898386479874237172047812580818440821259268150759240986137515315759192398025042781212686511796964586062955886130979194875133992264137293292420015252132448105355275530255399500591047819408
33079945816815913042020640403975093267821304896628516230591563240152236996053136718909362104374780025063223726564997320187958298017695443859561556674307334928424030243881106633610989576542427499913104337923895859163233003564009277225139611065917149651033726352776529071635911516749842384446629799648801536354482817513084814647634429623349677896070887276109984692391261462731692392086176900478591645985435731162647451902319658095858263281232253811788133139492268953291966036593512400158971022201711370600387564551469241346595874166133548151943597996897991510873604539
89721952390453004565264934789243183330592090843524834669183242483603224025694125025246349185372382686181024428462270019298914227948846806315622788589685626552294343428700427071010676321535405725434833397753737641092186752596529177092554429698607901729415275938053223925697732475479190441105948499327547917966367973009917844446971784071052621124775269618474775096988239764300811291341485287961544495967883372071760205681473783554657348561496523113250539004898770754230501060310662010350646555971667782868493906368222969960438813834143075556161152706975112631244510738
166431551272181444232410711922200979478811532158098646855502113856757034688471938054101203937177144715971399143569042245473034661252201757279411000433439958483527991578479057687049624779060342160062546595919881606078787307528083344262104974205490804041601070607595047559509077541381347560845134195828441506582477282051955841317348020165418793146719333194803621585722980936539965846328047698005450300084506670840086344535880038078022791662092491856271450791396197415630802911256801673258938168661331465448436445665307405161099012251889250019282926753811538475795909692
332899572544364371405012234700828658398934470353534599486908239499633233561344021849504137138927159062487343282372824122338085785867673086959452081378382618717471898473394251935988455346870569147599189452895270005947383939965026172812005734739244488410571848845629319356815300936434446780200338347661873382847942906705647518732318469183275820707486339849978746084321487725941905726224961669983638752779752568790073476038188587889114914505373248329728782688650906451037891404531393792168400420446570570833492730515862350103111856306260544299555586489887943965920110477
202934564843184505982679423034884000737269923218546454014926634901889479635473133217378259148720883362747708363197537069790949938574943131334314988293458759072701610344946394330050539895138620119264330283406958399584628752450769029430924317568809329152714312095352881669169912399945348725688232659009746613803090539324494578513116080530330987554246740833514942921620237399191704361518732192752914036241938475879731905811069211928096384426785998367523311845948512343267270653081442989727438160669099319976483055961598245184330702080595004557428007322400695111496456953
187523916011801406751215356823342103472529618089994873669933652456735803531598242288678075157035794587306594997815458075108816828426649378196974183611891981881505219657085440028856932095106925229164635891365442030230378149097517745255356240024369284553780072540351968625677340594208728034641172639640013295307104783905189790730813650566051226139904713416763195984274937870850359883856649035847998206909895167812489372314109402587934696538752170428720046574223290255907402451564447418206581196530710136861923260066261724602528605056337550428134012160919145185409405719
297582300200833101458800363350780666096229786192449827164815960682788509871952466646466184693620202015952431116532299679961013721080981768022801724354941752216359507144325291214653736436940455052964807033668226689065375057494457190077768503997798945237307995581624561634234182166853192425483152303321592874799996569121900002777242770801643499401084421365432511297826142466241215600792517432135015931413507871013276222094908621097419812621755740768172200568483738828055926800075908071186938107138525704771326780714702394843145679301823191286102999514918051893012262796
59669687299992703193796296217926014848299157368916511806372776030679890320021336706477842166467360398814171821043943491832887894363149878589358119341560400731197512509348778515779365165718429858625792214311170309938718175718290228969147153555322182920532999627869985213865404152360346468025426901217961530353996906756705820662349864711294268592266689015761832671513989173529575846898386479874237172047812580818440821259268150759240986137515315759192398025042781212686511796964586062955886130979194875133992264137293292420015252132448105355275530255399500591047819408
59669687299992703193796296217926014848299157368916511806372776030679890320021336706477842166467360398814171821043943491832887894363149878589358119341560400731197512509348778515779365165718429858625792214311170309938718175718290228969147153555322182920532999627869985213865404152360346468025426901217961530353996906756705820662349864711294268592266689015761832671513989173529575846898386479874237172047812580818440821259268150759240986137515315759192398025042781212686511796964586062955886130979194875133992264137293292420015252132448105355275530255399500591047819408
33079945816815913042020640403975093267821304896628516230591563240152236996053136718909362104374780025063223726564997320187958298017695443859561556674307334928424030243881106633610989576542427499913104337923895859163233003564009277225139611065917149651033726352776529071635911516749842384446629799648801536354482817513084814647634429623349677896070887276109984692391261462731692392086176900478591645985435731162647451902319658095858263281232253811788133139492268953291966036593512400158971022201711370600387564551469241346595874166133548151943597996897991510873604539
89721952390453004565264934789243183330592090843524834669183242483603224025694125025246349185372382686181024428462270019298914227948846806315622788589685626552294343428700427071010676321535405725434833397753737641092186752596529177092554429698607901729415275938053223925697732475479190441105948499327547917966367973009917844446971784071052621124775269618474775096988239764300811291341485287961544495967883372071760205681473783554657348561496523113250539004898770754230501060310662010350646555971667782868493906368222969960438813834143075556161152706975112631244510738
166431551272181444232410711922200979478811532158098646855502113856757034688471938054101203937177144715971399143569042245473034661252201757279411000433439958483527991578479057687049624779060342160062546595919881606078787307528083344262104974205490804041601070607595047559509077541381347560845134195828441506582477282051955841317348020165418793146719333194803621585722980936539965846328047698005450300084506670840086344535880038078022791662092491856271450791396197415630802911256801673258938168661331465448436445665307405161099012251889250019282926753811538475795909692
332899572544364371405012234700828658398934470353534599486908239499633233561344021849504137138927159062487343282372824122338085785867673086959452081378382618717471898473394251935988455346870569147599189452895270005947383939965026172812005734739244488410571848845629319356815300936434446780200338347661873382847942906705647518732318469183275820707486339849978746084321487725941905726224961669983638752779752568790073476038188587889114914505373248329728782688650906451037891404531393792168400420446570570833492730515862350103111856306260544299555586489887943965920110477
